25
5  3  13
6  8  15
16 14 5
9  11 15
15 17 9
7  3  9
9  2  42
14 21 4
8  9  22
19 10 46
13 12 19
2  7  47
5  6  48
25 22 45
20 21 30
11 18 42
24 25 37
10 4  8
6  7  19
4  3  18
1  3  21
6  12 5
17 16 12
22 14 26
6  9  22
9  7  10
1  2  50
15 6  49
6  10 38
7  10 30
12 8  49
11 15 5
15 18 16
7  1  27
11 10 38
12 17 46
15 10 32
10 18 12
6  14 24
13 8  10
12 10 24
12 15 26
17 11 10
9  1  47
7  4  26
3  4  8
4  8  13
8  3  50
13 7  34
6  13 2
17 18 24
20 17 43
16 20 39
12 16 9
15 16 7
13 14 44
3  2  36
9  10 29
19 17 24
18 19 34
14 12 5
21 16 11
1  11 50
24 16 13
25 16 19
5  13 28
14 24 31
19 20 40
21 24 43
22 13 43
21 19 5
23 14 33
24 22 44
23 22 40
16 22 35
23 24 49
21 25 42
19 25 24
25 23 38
0
